var_in,var_out
binomial,species_name
-,site_name
metadata_id,metadata_id
primary_source_id,primary_source_id
